3784282553982766793
8279455558920835648
1045066500184972659
5108597134036363318
3519925395001545465
488573880317813784
1759668580207923901
3579117452730723848
5588572813194507773
2927866096858780189
1624578997092780061
8678135784258040371
4804051867240926569
6969601925797131122
8190820824429211515
3321026001432738144
7991701536801322224
8167138056746338523
1206386171722848991
8882483347292047102
8213829205511722478
4382343797858202013
1138171024449912216
1599843216012991618
7191233687820451039
244811652209121169
3841401886125777577
687144651592980611
4369018478759768408
6928364547403389161
6831506866886195797
2177995430530914736
1587358531705161462
7878822263341789326
1546902902650229446
205683709338266846
4230164134937621116
4923697427804763688
2104969992414781281
3740920134742801304
8190488334309808827
8384971532269456186
614961580320328766
3939097415465781406
4600903888400734367
2396241490402337588
7829813926818131128
2056006507598221479
9092182930518396544
7034208825281171801
4764123905776968359
8801136823808484028
1521030334378191032
6397842566982128870
5951299744522470387
4463908871750782282
2623977842236140045
2850601135232577738
6143032061263993479
3089603433376450491
8651346417006206252
3284733283607353558
850231966901951411
4721179445956503100
8652156429461831271
1160789458031487240
2702211089369606319
3067344717671249074
4706601328455611223
4811206670793041838
2322541007491217056
6499654660287451049
8366110926654645915
7109458476370646932
513568557476696431
8264725103353503692
8508578745630816695
8416115846536577294
169203839852409492
5884327613115621089
3649045095631837555
97615527948833244
6978325876627279472
509621630566737423
4147787015620215254
3395256074491002029
7437596647753627907
3267749402241227119
3193314975307529552
8777487097601243692
8995578277231144705
5081852556357183003
2051627921170365510
4228141874192884823
7025975106942823329
5001722971473419650
894878319939417766
2337607758417466825
5345606903051591102
9140943556796360799
